var Pang,PangDer,Ppos,Pspeed;

initial loc1;

loc1 -> loc2 : 
  guard true assign { Pang := 1; PangDer := 1; Ppos := 1; Pspeed := 1;  }
;

loc2 -> loc2 : 
  guard true assign { Pang := Pang+1/100PangDer; PangDer := -51/100Pang+
                                                            17/20PangDer+
                                                            1/25Ppos+
                                                            7/100Pspeed; Ppos := 
Ppos+1/100Pspeed; Pspeed := -3/10Pang-3/50PangDer+1/50Ppos+103/100Pspeed;  }
  jordansage
    matrix([[2,0,2,0,0],[-10.49068014109347?,-2.859109938727961?,-1.509319858906530?,-0.3973746563251552?,0],[0.2337631488368050?,0.3225625086329076?,-26.73376314883681?,33.16842912674466?,0],[-0.7650463744641884?,-2.026127322862094?,26.76504637446419?,-19.71922441309118?,0],[0,0,0,0,1.414213562373095?]])
    [(0.9475465992945326?-0.01429554969363981?*I,[1]),(0.9475465992945326?+0.01429554969363981?*I,[1]),(0.9924534007054673?-0.001986873281625776?*I,[1]),(0.9924534007054673?+0.001986873281625776?*I,[1]),(1,[1])]
    matrix([[1.0149117776?,0.10825003261?,-0.0988764790?,-0.1684951313?,0],[-3.3980223173?,-0.6784910903?,0.2956380822?,0.5109463602?,0],[-0.51491177758?,-0.10825003261?,0.09887647901?,0.16849513126?,0],[-0.38912617251?,-0.08141416052?,0.10766540293?,0.13202569006?,0],[0,0,0,0,0.7071067811865475?]])
    ;

